         8          0.000000458
        16          0.000000313
        32          0.000000328
        64          0.000000321
       128          0.000000384
       256          0.000000405
       512          0.000000612
      1024          0.000000658
      2048          0.000000770
      4096          0.000002647
      8192          0.000003254
     16384          0.000004227
     32768          0.000005670
     65536          0.000008544
    131072          0.000014364
    262144          0.000025750
    524288          0.000048623
   1048576          0.000086840
   2097152          0.000157823
   4194304          0.000519780
   8388608          0.001443085
  16777216          0.002852069
  33554432          0.005724202
  67108864          0.011308576
 134217728          0.022092681
 268435456          0.043346277
 536870912          0.085584670
1073741824          0.165238585

         8          0.000052873
        16          0.000052779
        32          0.000052864
        64          0.000052986
       128          0.000052935
       256          0.000052894
       512          0.000052837
      1024          0.000060991
      2048          0.000092935
      4096          0.000092589
      8192          0.000170750
     16384          0.000208157
     32768          0.000385372
     65536          0.001109920
    131072          0.001724953
    262144          0.002836116
    524288          0.005085595
   1048576          0.009562089
   2097152          0.018536759
   4194304          0.036455530
   8388608          0.072409281
  16777216          0.144202648
  33554432          0.287872816
  67108864          0.575168497
 134217728          1.150149785
 268435456          2.299286401
 536870912          4.597501586
1073741824          9.193962500